TEST_PARAM:

fp_k=12000;
fp_d=10*2e2;
w=11;
stiff=1;
damp=0.1;

P=19.0376103693216
I=66.0050787630835
D=-0.21842734222461
N=21.5223094146147